0.534817
0.268875
0.527376
0.603454
0.0547175
0.215762
0.032426
1.2908
0.259185
0.635793
2.02821
0.0331931
0.6048
0.00331779
0.509617
0.153318
0.420128
0.571853
0.278056
0.40344
0.557707
0.169366
7.63178
0.0490104
0.364509
0.632492
0.0105941
0.105322
0.0572396
0.0408673
0.0490104
0.116893
0.0198199
0.111297
0.994559
0.00072283
0.936724
0.334798
0.239784
0.0280805
0.0548153
0.4175
1.31352
0.0154483
0.681886
1.04894
0.114724
0.813992
0.312481
0.00386141
0.420128
0.130358
0.0445551
0.0351769
0.0907379
0.111297
0.124702
0.33181
0.288426
0.420128
1.46329
0.027364
0.718308
0.075754
0.306717
1.92538
0.420128
0.420128
0.0105941
0.0475437
0.0162284
0.222867
0.628058
0.700775
0.642946
0.137702
0.116014
0.458617
0.408637
0.00428487
0.0212533
0.0143516
0.727364
0.0776124
0.458978
0.134853
0.0198199
0.0155008
0.0160856
0.306717
0.6048
0.0143516
0.0735926
0.337387
0.39572
0.725673
0.420128
0.0586528
1.46436
0.0425239
0.79642
0.131583
1.15803
1.24404
0.18565
0.313783
0.00058937
0.0617809
0.244542
1.89215
0.0425239
0.116014
0.463591
0.449424
0.320956
0.525558
0.183358
0.0959125
0.0280805
0.0341707
0.18444
0.510774
0.140535
0.997297
0.071532
0.00397017
0.370716
0.306717
0.48374
0.375471
0.176741
0.174164
0.298419
0.54991
0.425764
0.139811
0.032426
0.420128
0.310558
0.80386
0.41368
3.93565
0.493425
0.0616463
1.07843
0.0793769
0.116014
0.444723
0.200461
0.123889
0.0341707
0.813992
0.437137
0.0906097
0.0306429
0.368666
0.655933
0.0827304
0.213337
0.00588294
0.14564
0.57889
0.273072
0.0134907
0.139811
1.48102
0.0250726
0.0174808
0.130358
0.857963
0.0820603
0.351938
0.00927915
0.0277661
0.408958
0.100866
0.228478
0.0519555
0.0425239
0.453722
1.18535
0.3915
4.01102
0.318317
0.467438
0.0926312
0.681163
0.14564
0.776636
0.181507
0.201941
0.014971
0.212065
0.0239148
2.39135
1.24626
0.127764
0.470603
0.117267
2.29357
0.0619027
0.18772
0.308551
1.05296
0.014788
0.223983
3.10769
0.331961
0.528245
0.196318
0.347927
0.901171
0.0811882
0.917002
0.6895
0.298348
0.0302341
1.04247
0.494229
0.745776
0.342024
0.181034
0.331961
0.229403
0.0894641
0.0467743
0.138488
1.26516
1.40222
0.0425239
0.225475
0.116893
0.0023293
0.442764
0.185404
0.0160856
0.151126
0.0907379
0.00082176
0.832988
0.0467743
0.848427
0.331961
1.93933
0.552172
0.580801
0.100622
0.0913502
0.0616463
2.46496
0.518289
0.0937129
0.0676801
0.403381
0.170149
0.320985
0.0593181
0.108082
1.67727
0.107273
0.2919
0.201778
0.106101
0.919526
0.187668
0.0967211
0.0735926
0.138488
0.18444
0.0302341
1.73793
0.133484
0.574971
0.477103
0.28176
0.0695509
0.272346
0.0108565
0.420128
1.68324
0.5621
0.010062
0.200461
0.128208
0.0402453
0.0657809
0.14564
0.00243992
0.00791074
0.877093
0.0136394
0.200601
0.196824
0.591996
0.420128
0.0381372
0.915338
0.0613003
0.0999215
0.238062
0.912659
1.06816
0.711539
0.205503
0.291741
0.420128
0.0808295
0.4175
0.135989
0.905083
0.528245
0.65766
0.694431
0.00254827
0.300068
0.284036
0.420128
0.0445551
0.032426
0.325725
0.143491
0.0519555
0.0967211
0.18401
0.0870985
0.693503
0.12954
0.00848445
0.420128
0.268875
0.143491
0.014971
0.0233341
0.0306429
0.024886
0.634329
0.952194
0.336244
0.169371
0.128208
0.116014
0.150829
0.121862
0.489261
0.563562
1.37899
0.00162513
0.0429911
0.0808295
0.0507214
0.000951344
0.600703
0.887921
0.451126
0.300068
0.0975796
0.0010952
0.156315
0.826834
0.0619932
1.91227
0.293291
0.420128
0.558131
0.732778
0.752583
0.12314
0.225475
0.504727
0.0387716
0.0108565
0.0250726
0.137607
0.0965236
1.86588
1.50232
0.147032
0.126222
0.365892
0.77576
1.27678
0.0811882
0.181034
0.16002
0.151502
0.969873
0.603454
0.480793
0.0894641
0.0616463
0.116893
0.0982959
0.0995015
1.07286
0.123889
0.386859
0.184295
0.28176
0.0233341
0.10003
0.449424
0.215762
0.694285
0.574376
0.0351769
0.282289
0.599048
0.116893
1.33076
0.388703
0.318317
0.353781
0.581955
0.176741
0.140535
0.346787
0.13905
0.353781
0.0212533
0.39408
0.213205
0.636503
0.484337
0.0227808
0.0306295
0.0738292
0.200898
0.0785973
0.233057
0.102963
0.221894
0.240024
0.0795675
0.0770113
0.0548852
1.28957
0.366077
0.849171
0.035198
0.200461
0.326717
0.33181
0.225746
0.0307336
0.233057
0.355274
0.201388
0.0264077
0.0351769
0.344582
1.08452
0.574971
2.95198
0.54991
0.0754093
1.92404
0.00428487
0.0770113
0.440575
0.477174
0.597059
0.786887
0.154578
0.0580864
0.032426
0.0922625
0.014971
0.496792
0.0619932
0.0088386
0.0427767
1.18301
0.319574
0.215762
1.7093
0.0347596
0.0264077
0.024886
1.0001
0.105322
0.158659
1.89795
0.680391
0.0105441
0.00243992
0.00538267
0.00921569
1.50022
0.2669
0.24159
0.107812
0.0143516
0.383035
0.147032
0.230663
0.437756
0.420128
3.48639
0.0616463
0.0467743
0.561602
0.208434
0.014788
0.292878
0.387174
0.963216
0.00921569
1.04247
0.113427
0.027364
0.175093
0.499836
0.221603
0.0425239
0.442764
0.458978
0.0836717
0.603958
0.136711
0.968486
0.014971
0.0264077
0.0204613
0.644409
0.0287033
0.862557
0.381617
0.852591
0.169366
0.137607
0.43229
0.239532
0.537625
0.0317206
0.195477
0.383035
0.00222613
0.154079
0.678392
0.993099
0.43675
0.032426
0.14564
1.15549
0.0252335
0.207338
0.177293
0.065627
0.0427767
0.502824
0.0468151
1.64167
0.137607
0.0205118
0.00446209
3.90902
0.104266
1.48183
0.175093
0.142661
0.0198199
0.759728
0.0427767
0.278906
0.288016
1.74734
2.09123
0.774392
0.672371
0.826153
0.18444
0.140535
0.565102
0.207338
0.00988872
0.262977
0.126017
0.169371
0.130358
0.0336084
0.213414
0.5069
0.0239148
1.28715
0.00994968
0.120955
0.788055
0.970868
0.66828
1.9642
0.123889
0.0280805
0.104585
2.63476
0.208434
0.075754
0.298107
0.0141337
0.188053
0.0735926
0.0158996
0.0230273
0.832505
0.813758
0.000974165
0.713535
0.143325
0.866891
0.107851
3.2172
0.693503
0.302192
0.176741
1.02042
0.0836717
0.199666
0.302037
0.476439
0.105851
0.904216
0.0519555
0.114154
0.0250726
0.0212173
0.014971
16
0.00386141
0.0811845
0.528245
0.0504753
0.97331
0.838134
0.228242
0.146563
0.162584
0.0616463
0.223215
0.187668
0.204575
0.0401752
0.345002
0.071532
0.184149
0.0105441
0.334271
0.0808295
0.179529
0.955398
0.0134907
0.732778
5.18088
0.391454
0.704719
0.354896
0.381199
0.195818
0.014971
0.0468151
0.183103
0.328767
0.151126
0.000974165
0.0477752
0.0490104
0.57889
0.105322
0.0334071
0.251478
0.336244
0.215943
0.420128
0.152736
0.196077
0.0105941
0.0870985
0.035198
0.042591
0.00018408
0.133484
0.0212533
0.445868
0.172728
0.024886
0.0387716
0.0913502
0.312534
0.0264077
0.193026
0.0699706
2.28636
0.336059
0.403381
0.649502
2.26552
2.48854
0.00994968
0.00243992
0
0.935596
0.154521
1.42179
0.120955
0.516131
0.183358
0.113427
0.105439
0.0827304
0.00570777
0.493994
0.0770113
0.014788
0.420128
0.288426
0.0799112
0.55159
0.0616463
0.142478
0.200355
0.116014
0.102846
0.143491
0.663245
0.441243
0.0160856
0.228478
0.00918807
0.187668
1.05066
0.10336
0.417032
0.144231
0.0145226
0.192381
0.014971
0.223983
0.0472516
0.420128
0.0735926
0.310558
0.822934
0.193009
0.420128
0.196774
0.10663
0.420128
0.310905
0.283935
0.32445
0.131378
0.420128
0.420128
0.446938
0.0285719
0.00848445
0.00462659
0.169366
0.676835
1.5516
0.393744
0.55128
0.187668
0.0504753
0.27438
0.490851
0.11016
1.05213
0.515638
0.129286
0.41368
0.193026
0.679507
0.317823
0.0827304
0.386509
0.187668
0.288492
0.0250726
0.0799112
0.291741
0.0781539
0.902198
0.458617
0.0425239
0.425764
0.234427
0.334271
4.75212
0.075754
0.0295049
2.02484
0.201778
0.00484585
0.552328
0.00352755
0.0264077
0.0295049
0.0341707
0.538357
0.201778
0.0371871
0.0249631
0.24897
0.0783331
0.0616897
0.274205
0.399472
0.541537
0.144231
0.84692
0.225746
0.420128
0.0427767
0.200461
0.102821
0.071532
0.43845
0.121862
0.268875
1.19938
0.0619932
0.0360468
0.0425239
0.0843747
0.042591
0.016209
0.57889
0.394542
0.0811845
0.109242
0.347927
0.035198
0.134172
0.136711
0.075754
0.800651
0.24159
0.076297
0.292878
0.129419
0.564366
0.605578
0.0238468
0.635546
1.24804
0.0965703
0.589895
0.753902
0.0641872
0.154828
0.342024
0.460678
0.121862
0.129419
0.0182381
0.00994968
0.0945457
0.0420607
0.0280805
0.426054
0.0576366
1.55394
0.0594739
0.0105941
0.223074
0.0134907
0.100622
0.0387716
0.00386141
0.197381
12.848
0.306717
0.293991
0.277914
0.395425
0.212731
0.000201258
0.298107
0.120955
0.514811
0.328767
0.420128
0.136711
0.0965236
0.347309
0.552227
0.0468151
0
0.076297
0.116014
0.613378
0.283055
0.240024
0.105439
0.0252335
0.0572396
0.0619027
0.0302341
0.00428487
0.215762
0.689691
0.194364
0.0735926
0.0341707
0.693491
0.20421
0.238062
0.0808295
0.302192
0.133593
0.186549
0.114724
0.803824
0.2011
0.282289
0.88114
0.52525
0.0302341
0.420128
1.74704
0.0445551
0.892582
1.07843
1.17835
0.203416
0.412185
0.0811845
0.0616463
1.11993
0.840709
0.366077
0.0945457
0.0735926
0.412185
0.201941
0.308551
0.39572
0.0735926
0.426095
0.166233
0.624255
2.38485
0.0843747
0.28176
0.108948
0.193026
0.138488
0.193026
0.0396216
0.0776124
0.0737525
0.388992
0.420128
0.406152
0.226059
0.0490104
0.244542
0.861633
5.49758
2.48854
0.573557
0.607419
1.37168
0.0445551
0.798791
0.129419
0.282705
0.0445551
0.86688
0.564519
0.0616463
0.0427767
0.769643
0.0198199
0.848427
0.102846
0.451978
0.116014
0.334798
0.79813
0.195477
0.680391
0.888999
2.09194
0.0445551
0.291898
0.0378244
0.0105941
0.0306429
1.03033
0.518464
0.711596
0.0233341
0.618923
0.663919
0.139131
0.0425239
5.16749
0.000699229
0.00243992
0.201388
1.31646
0.00921569
0.165248
0.102821
0.259185
0.856501
0.942735
0.0504753
0.184295
0.0289531
0.162584
0.683151
0.27915
0.062607
0.8161
0.466354
0.0754093
0.0238468
0.607419
0.440575
0.334798
0.485947
0.137408
0.156315
0.0586528
0.024886
0.00240069
0.28257
0.016463
0.759062
0.0887309
0.0414923
0.574376
0.00163038
0.2669
0.00386141
0.0594739
0.661761
0.525558
0.438276
0.214534
0.0414923
1.17835
0.768737
0.32445
0.344582
0.0445551
0.183358
0.0145226
0.014971
0.0191421
0.169371
0.852591
0.215943
0.00163038
0.317816
0.575184
0.133484
0.20421
0.129213
0.00570777
0.032426
0.769548
0.000974165
0.201388
0.197633
7.13403
0.158207
1.47669
0.0611177
0.0967211
0.035198
0.228695
0.0427767
0.322825
0.244542
0.556049
0.116893
0.549076
0.113427
0.0141337
0.196318
0.120955
0.10003
0.024886
0.116893
0.0287033
0.20421
0.071532
0.0141337
0.00082176
0.339546
0.859802
0.225746
0.151009
0.0799112
0.302655
0.0616463
0.636195
0.0827304
0.625023
0.0504753
0.589895
0.204575
0.135989
1.30881
0.3922
0.69405
0.109242
8.17904
0.185404
0.0289531
0.368713
0.193009
0.923037
0.465806
1.12928
0.0929648
0.393744
0.102846
0.0781539
0.420128
0.307572
0.130358
0.00299636
0.0445551
0.464892
0.138744
0.414579
0.0381372
0.556049
0.186549
0.181034
0.10003
1.64429
0.24159
0.287383
0.317131
0.0218122
0.154521
0.0232628
0.00446209
0.0477752
0.603958
0.763446
0.147357
0.33181
0.700786
0.445868
0.131378
0.00994968
0.0425239
0.423399
0.139811
0.0546081
0.268875
0.0468151
0
0.481973
0.0808295
4.51653
0.207338
0.0676801
0.0160856
0.273003
0.076297
0.776556
0.0967211
0.88383
0.0218122
0.206368
0.317604
0.794103
0.117848
0.763446
1.57647
0.0477752
0.135989
0.26308
0.136711
0.244542
2.13417
0.841377
0.0080929
0.0894641
0.273072
0.134853
0.208434
0.221385
0.00270935
0.032426
0.016209
0.399876
3.11077
0.16002
0.10663
0.0735926
0.298107
0.135488
0.965997
0.00299636
0.105439
4.85955
0.310558
0.37841
0.42061
0.291741
0.212317
0.0811845
0.776636
0.071532
0.336217
0.0467743
0.420128
0.0597486
0.176741
0.196318
0.0785973
0.0490104
15.8011
0.23019
1.18311
1.21729
0.0164379
0.286096
0.633517
1.20807
0.120955
0.169371
0.0141337
0.101689
0.453005
0.137148
0.00588294
0.212317
0.0307336
0.143045
0.000226702
0.24159
0.225746
0.0420607
0.196318
0.000950623
0.283598
0.143045
0.00921569
3.29176
0.071532
0.694109
0.784744
1.16709
0.0250726
0.136711
0.223983
0.062607
0.035198
0.0145226
0.337387
0.331961
0.144231
0.819343
0.704719
0.108948
0.137408
0.0641872
0.183358
0.754725
0.799823
0.403381
0.913385
0.196318
0.195477
0.104266
6.66546
0.101907
0.113427
0.0778057
0.28176
0.0504753
0.988183
0.137506
0.510857
0.00352755
0.200461
0.0913502
0.100622
0.0854208
0.834694
0.233057
0.74143
0.0423991
0.187668
0.00588294
0.356867
0.291898
0.0402453
0.575231
0.100622
1.41472
0.0546081
0.100866
0.360735
0.160897
0.20421
0.52613
0.0264077
0.249841
0.453722
0.0854208
0.128396
0.183358
0.0676801
0.0967211
0.709313
0.328767
0.0778057
0.687696
0.123433
0.000951344
0.0250726
0.183358
0.0799112
0.208434
0.113427
0.017348
0.945609
1.18571
3.69559
0.0619027
1.33962
0.278056
0.116014
0.0785973
0.0995015
0.0402453
0.144833
0.514811
0.262301
0.605578
1.05213
0.197381
0.240963
0.31044
0.471611
0.0573379
0
0.071532
0.215762
1.36445
0.0289531
0.0427767
0.759989
0.254337
0.292878
0.197633
0.18565
0.075754
0.304585
0.795534
0.0155008
0.261699
0.458017
0.412508
0.0404133
0.153318
0.000201258
0.130358
0.213337
0.16002
0.105851
0.176741
0.347927
0.451978
0.0511982
0.0250726
0.064055
2.95542
0.235039
0.232174
0.281544
0.378938
0.016209
0.661507
4.61003
0.233057
0.0133526
0.0468151
0.964232
0.11016
0.521542
0.0616463
0.420128
0.518289
0.420128
0.0754093
0.545862
0.0770113
0.18444
0.192381
0.0913502
0.12314
1.01665
0.128208
0.55159
0.229403
0.0548153
0.109242
0.00352755
0.0164379
0.183358
0.420128
0.00386141
0.0134907
0.192288
0.0198199
0.288426
0.0913502
0.12857
0.18772
0.293291
0.222281
0.603454
2.58218
0.205673
0.116893
0.288426
0.0959125
0.124702
0.11606
0.878939
0.0547175
0.0785973
0.28176
0.0228322
0.37841
0.810639
2.82459
0.2869
0.010062
0.0387716
0.261699
0.0160856
0.206272
0.229403
1.25242
0.228478
0.491053
0.0280805
0.33181
0.460796
1.77961
0.852591
0.0519555
0.298107
13.7445
0.0141337
0.0427767
0.370716
0.0918319
0.0360468
0.0445551
0.301351
0.075754
0.157956
0.0548153
0
0.129419
0.116014
0.076297
0.0341707
0.403254
0.196318
0.516349
0.0429911
0.375593
0.0402453
0.43675
0.136711
0.0429911
0.0959125
0.649548
0.192209
0.032426
0.0597592
0.338093
0.0341707
1.29516
0.682335
0.955506
0.0198199
0.0546408
0.120955
0.346072
0.0607888
0.0445551
0.381617
1.15652
0.6644
0.732778
0.135462
0.151009
0.0307336
5.75897
0.0307336
0.105851
0.552172
0.140535
0.357592
0.387174
10.2273
0.923891
0.0445551
0.134853
0.514855
0.200458
0.218158
0.0799112
0.4175
0.014971
0.032426
0.831715
0.0295049
0.035198
0.0201885
0.718352
0.510774
0.538357
0.156488
1.15803
0.649485
0.00352755
0.528245
0.00352755
0.45118
0.00352755
0.288492
16
0.0164197
0.402705
0.0420607
0.0425239
0.192209
0.168051
16
1.5322
0.273212
0.144231
4.31989
0.714844
0.0280805
0.420128
0.39408
0.356867
0.593295
0.0386479
1.2766
0.035198
0.0504753
1.02012
0.14564
0.205503
0.0105941
0.751865
0.221385
0.129419
0.0894641
0.076297
0.0490104
0.000974165
0.111297
0.0277661
0.0504753
0.000699229
0.0587049
0.0799112
0.28176
0.309007
0.442764
0.381617
0.293291
2.40453
0.0158275
0.112247
0.201778
0.0754093
0.805273
0.0204613
0.411508
0.0975796
0.98578
0.00092815
0.0218228
0.000951344
0.513179
0.917002
0.420194
0.0443592
0.39408
0.24159
0.00386141
0.298107
2.37911
0.307044
0.0995015
0.302192
0.420128
0.0311616
0.851382
0.0215247
0.1099
0.239881
0.874571
0.213481
0.513316
0.154521
0.137702
0.0735926
3.74826
0.839551
0.239392
0.0553892
0.319574
0.081877
1.90892
0.134853
0.00352755
0.0338687
0.291898
0.200355
0.366723
0.271244
1.13059
0.714145
0.0194393
0.0425239
6.76651
0.420128
0.0425239
0.208434
0.184295
0.128138
0.65124
0.00386141
0.226118
0.160897
0.131378
0.28176
0.64151
0.887451
0.00921569
0.839541
0.00110602
0.193026
0.0888731
0.23019
0.0105941
0.262867
0.495637
0.458617
0.0477752
0.449424
0.00428487
0.154828
0.411577
0.137044
0.124702
0.108636
0.131378
0.151502
0.360664
0.46414
0.570591
1.3067
0.0558925
0.200458
0.4175
0.243934
0.284036
1.22695
0.471611
0.187668
0.796397
0.121862
0.283007
1.51494
0.104585
0.32625
0.39408
0.0905219
0.709313
0.076297
1.63716
0.215762
0.144231
0.196318
0.205503
0.325854
0.136711
0.00994968
0.87979
0.352293
0.193277
0.024886
1.75207
0.428279
0.312534
0.014788
0.123889
0.0576366
0.046692
0.624255
0.135989
0.281499
0.32184
0.218561
0.501056
0.158207
0.071532
0.124702
0.0143516
0.46414
0.43218
0.0427767
0.208434
0.0781539
0.192288
0.213205
0.0143516
0.271889
0.00352755
0.768737
0.718236
0.0425239
0.610893
0.570591
0.425764
0.509617
0.891053
0.438276
0.0141337
0.225746
0.213205
0.222867
0.0737525
0.0252335
0.667398
0.551757
0.589761
0.0105941
0.0307336
0.86399
0.187668
0.438276
0.00994968
0.0504753
0.4175
0.0490104
0.116893
0.13402
0.481193
0.487545
0.345002
0.892137
0.215762
0.187668
0.525155
0.298107
0.0827304
0.14564
1.40399
0.139811
0.481193
0.458978
0.37841
0.0737525
0.0160856
0.399227
0.0548153
0.0155911
0.399472
0.856239
0.133484
0.312534
0.0676801
0.0134907
0.235039
1.88955
0.035198
0.042591
0.0616463
0.0360468
0.133484
0.228274
0.569336
0.0111
0.233057
0.489136
0.176741
0.0883698
0.0152151
0.0164379
0.588412
0.000951344
0.28176
0.114724
0.378938
0.145204
1.38965
0.113427
0.838134
0.420128
0.0409598
0.146354
0.731522
5.85593
0.343956
0.134853
0.242709
0.420128
0.143045
1.65817
0.268875
0.0551755
0.104585
0.137607
0.316776
0.352293
0.420128
0.705736
0.304585
0.353781
0.412508
0.0811882
0.00921569
0.242709
0.332442
0.575184
0.343956
0.392049
1.8151
0.0870985
2.42247
0.308551
0.138366
0.0205118
0.117848
0.0092561
0.252421
0.042591
0.515255
0.0737525
0.128208
0.0158996
0.229403
0.40344
0.0616463
0.373
16
0.0551755
0.0472516
0.0486635
0.212317
0.00713331
0.642653
0.491053
0.000294553
0.581839
0.151009
0.386168
0.18444
0.303589
0.6644
0.652638
0.292878
0.906242
0.075754
0.802964
0.259185
2.31073
0.0546408
1.16972
0.331161
0.00921569
0.452762
0.486005
0.353781
10.9262
0.227171
0.0883698
1.18429
0.00352755
0.016463
0.0295049
0.123433
1.0054
0.0894641
2.66739
0.0250726
0.0684004
0.0277661
0.201778
1.26377
0.0576366
0.024886
0.0429911
0.0425239
0.0477752
0.0295049
0.280075
0.0122405
1.06359
0.0549222
0.134853
0.249258
1.25139
0.0160856
0.0965236
0.412185
0.00462659
0.747079
1.09234
0.945609
0.144231
2.25757
0.0546081
0.261699
0.649548
0.162584
0.0934547
0.334749
0.0445551
1.45003
0.576974
0.00428487
0.774392
0.228496
0.035198
0.193048
0.929608
0.0870985
0.747616
0.705736
0.0770113
0.123889
0.0603366
0.0205118
0.0490104
0.575588
1.95002
0.581839
0.0965236
0.145204
0.570591
0.0347596
0.288016
0.0967211
0.124591
0.0180969
0.100622
0.735756
0.151009
0.426054
0.279814
0.334271
0.0811845
0.137607
0.0287033
0.00927915
0.0264077
0.0540771
0.102245
0.113427
0.742045
0.196318
0.678244
0.0770113
0.363267
0.402705
0.0425239
0.353781
0.0143516
0.123889
0.00462659
0.201388
0.035198
0.163949
0.0429911
1.37899
0.0616463
0.651731
0.0799112
0.69405
2.41852
0.0414923
0.420128
0.300527
0.527172
0.420128
0.109242
1.41167
0.442224
0.144069
0.598321
0.525475
0.423399
0.032426
0.208434
0.0429911
0.032426
0.465806
0.00791074
0.00921569
0.411019
0.420128
0.151502
0.336244
0.032426
0.656439
0.0264077
0.420128
0.113873
0.420128
0.0105941
0.014971
0.381617
0.457639
0.667266
0.61459
0.638437
0.193009
0.00484585
0.790762
1.3606
0.373395
0.13195
0.360664
2.47268
0.292878
0.976206
1.24171
0.0250726
0.718761
0.0336084
0.195477
0.653338
0.604788
0.742856
0.363267
0.235039
0.0785973
0.299878
0.00994968
0.128396
0.0277661
0.20421
0.071532
0.0827304
0.486807
0.0425239
0.00428487
0.169366
0.139811
0.107273
0.187668
0.420128
0.00386141
0.223983
0.43229
1.20949
0.769981
1.54934
0.0613003
0.271565
0.67112
0.0387716
0.0528012
0.129419
0.0386479
0.451978
0.00588294
0.195477
0.0827304
0.445868
0.141573
0.204575
0.0619932
1.2865
0.105006
0.196008
0.076297
0.142478
0.451978
0.24897
0.116014
0.0781539
0.76455
0.153318
0.268875
0.399876
0.0811845
0.195477
0.116014
0.15183
0.515255
0.0198199
8.55312
0.228478
5.8773
0.016209
0.291474
0.0770113
1.07286
0.0427767
2.14321
0.39408
0.203948
0.0770113
0.134853
0.391454
0.113427
0.367619
0.176741
0.403421
0.298107
0.165388
0.52525
0.661831
0.420128
0.839541
0.284036
0.262977
1.12021
0.579964
0.0546081
0.00791074
0.334749
0.201778
0.0451734
2.02484
0.124702
0.921342
0.420128
0.0616463
0.277914
0.0467743
0.0230047
0.497183
0.197633
0.0888731
0.271889
0.0757457
0.0754577
4.20793
0.403254
0.902464
0.239881
0.273003
0.0551755
0.493425
1.02316
0.0808295
0.0781539
1.51951
0.0580864
1.21041
5.51535
0.116014
0.0264077
0.0289531
0.859802
0.476439
0.0277661
0.176741
1.6104
0.557272
0.442754
0.0657809
0.287799
0.0960424
0.00386141
0.424796
0.137148
0.0799112
0.510774
0.271889
2.013
0.054473
0.00791074
1.14894
0.0546081
0.196318
2.2058
0.509748
0.215943
0.366077
0.824716
0.0553892
0.100622
0.176741
1.27678
0.207338
0.542035
2.00107
0.138488
0.142478
0.41368
0.134871
0.032426
0.338093
0.0918319
0.0616463
0.588604
0.0931436
0.048496
0.171593
0.0770113
0.0490104
0.372235
0.0770113
0.139811
0.217522
0.00243992
1.15526
0.0781539
0.113427
0.741378
0.123889
0.195477
0.866891
0.815941
0.0793769
0.20421
0.075754
0.109242
0.813992
0.212317
0.116014
0.930848
0.0619932
0.0616463
0.763446
2.03228
0.299768
0.426054
0.130358
0.206761
0.0445551
0.47663
0.133593
0.201778
0.0295049
0.574376
0.0894641
0.00994968
0.54045
1.52834
1.15549
0.633517
0.0198199
0.336705
3.08287
0.107851
0.201388
0.116893
0.0841858
0.411577
0.00921569
0.784948
0.116893
0.0250726
0.556049
1.05803
0.076297
0.752408
0.201239
1.54485
0.420128
0.101999
3.85315
0.399227
0.016209
0.200898
0.10663
0.10663
0.0616463
0.772345
0.19028
0.394542
0.318317
0.381617
0.420128
1.23858
0.282289
0.603958
0.032426
0.075754
0.785592
0.537625
0.116014
1.30651
0.183094
0.027364
0.451978
0.081877
0.071532
0.0959125
0.0460995
0.288016
0.0597486
0.84487
0.00538267
1.08595
0.191987
0.910972
0.388992
1.00081
0.968769
0.165169
0.225746
0.0911113
0.016209
0.218561
0.356867
0.0105941
0.27199
0.215762
0.0467743
0.339546
0.273003
0.212317
0.585088
0.307044
0.696889
0.208434
0.0341707
0.646241
0.183702
0.48384
0.607419
0.283055
0.288426
0.551698
0.0699706
0.2018
0.142478
0.00386141
0.544276
0.280196
1.60613
0.424796
0.200458
1.77192
0.103675
0.277914
0.218561
0.293291
0.494196
0.84487
0.944404
0.0511982
0.600842
0.075754
0.00921569
0.0781539
0.204575
0.839541
0.185231
1.12928
0.075754
0.065627
0.18444
0.86134
0.168051
0.116278
0.169371
0.127947
0.652638
0.42061
0.105439
0.0548852
0.794815
0.0586528
0.201778
0.307044
0.197433
0.00163038
0.228496
0.407029
0.0580864
0.575184
0.303617
0.18565
0.28176
0.0641872
0.302055
0.269206
0.0311616
0.259185
4.12571e-05
0.813992
0.0918319
0.288577
0.709313
0.368795
0.384717
0.0306429
0.739534
0.637287
0.277484
0.0888731
0.0843747
0.238062
0.121087
0.591996
0.786774
0.20421
4.75502
0.075754
0.187668
0.187668
0.000201258
0.0212533
0.240024
0.0574597
0.0455277
0.84199
0.479333
0.570936
0.449424
0.0785973
0.0799112
0.244637
0.225475
0.00462659
0.0280805
0.197633
0.436819
0.123889
0.0778057
0.201941
1.13446
0.25734
0.420128
0.142478
0.642653
0.166233
3.5968
0.0403016
0.480721
0.0445551
0.0926312
0.283598
0.0421546
0.116014
0.489902
0.420128
0.071532
1.25384
0.229403
0.242701
0.528757
0.596925
0.445868
0.420128
0.420128
0.599048
0.342879
0.668135
0.0092561
0.420128
0.193026
1.03083
0.0754093
0.142719
0.420128
0.131
0.0143516
0.0965703
0.163679
0.0108565
0.504727
0.138488
0.152448
0.774484
0.106459
0.0830584
0.00526422
2.58673
0.16002
0.238062
0.0277661
0.215762
0.0561483
0.0918319
0.0504753
0.291898
0.00428487
0.169371
0.123889
0.8799
0.781067
0.0918319
0.032426
1.80772
0.151009
0.269183
0.259095
0.151009
0.0616463
0.339546
0.302655
0.136711
0.131352
0.121862
3.26425
0.00994968
0.57889
0.0913502
0.0572396
1.36857
0.534817
0.172728
0.700775
3.50275
0.0369442
0.337867
0.749338
1.68324
0.0155008
0.366077
0.208434
1.11969
1.46911
0.328767
0.442224
0.162728
0.0250726
0.786559
0.14564
0.116893
0.466991
0.228478
0.699044
0.6048
0.898047
0.137148
0.283055
0.245455
0.291741
0.0619027
0.139811
0.0101463
0.134853
0.319574
0.0425239
0.0143516
0.32184
0.574376
0.0995015
0.54759
0.629382
0.116893
0.693424
0.288016
0.26905
0.0198199
0.0154725
0.64656
0.420128
0.0105941
0.277124
0.100622
0.0134907
0.399876
0.0888731
0.98393
0.318317
2.05168
0.603454
0.312244
0.440215
0.0158996
0.0198199
0.0126561
0.838134
0.41368
0.0212533
0.337867
0.105439
0.342024
0.151502
0.0548852
0.0408673
0.442764
0.0599243
0.301351
0.283935
0.146563
0.183358
0.0785973
0.649502
1.03717
0.479333
0.490851
0.027364
0.0182901
0.676835
0.116014
0.306717
0.024886
0.18444
0.71366
0.298107
0.109242
0.193472
0.133484
0.952553
0.254337
0.753156
0.0499603
0.992211
0.445868
2.30628
0.527172
0.42061
0.290882
0.0781539
0.538357
0.557082
0.411577
1.30619
0.00386141
0.0490104
0.176741
0.176741
0.014971
0.0735926
1.2835
0.00921569
0.565216
0.035198
0.105322
0.509617
0.215943
0.107851
0.800009
0
0.024886
0.147032
0.313101
0.509617
0.0425239
0.372185
0.278906
0.0965236
0.0467743
0.42061
0.0546081
0.0134907
0.071532
0.0641872
0.13402
0.521542
1.73981
0.420128
0.0295049
0.649548
5.85727
0.282289
0.32625
0.0134907
0.18772
0.531909
0.27199
0.225746
0.109712
0.420128
1.67659
0.282289
0.151009
0.0429911
0.121862
0.472465
0.556049
0.373447
0.0238468
0.0302341
0.0155008
0.109242
0.277124
0.0490104
0.558585
0.0843747
0.113427
1.01268
0.201941
0.235039
10.4745
0.024886
0.0548852
0.39408
0.77576
0.0808295
2.15769
0.292878
1.68586
0.420128
1.18224
0.0155911
0.0811845
0.0264077
0.0709465
0.153318
0.0295049
0.192288
0.156315
0.420128
0.718761
0.102245
0.784948
0.0619932
0.310558
0.14564
0.39408
0.0613003
0.32445
0.439311
0.00921569
0.599048
0.071532
0.420128
0.137607
1.67887
0.268875
0.540533
0.0277661
0.196318
0.650735
0.136711
0.0295049
0.254337
0.516701
0.357592
0.280196
0.704719
0.482974
0.076297
0.169371
0.0287033
0.0735926
0.0414923
0.151009
0.43675
0.0511982
0.495142
0.0460995
0.0141337
0.0182901
0.265235
1.90973
0.511573
0.481193
0.381199
0.035198
0.538515
0.0250726
0.420128
0.711596
0.107273
0.0164379
0.058972
0.784948
0.105439
0.0511982
1.74734
2.46233
0.277914
0.0467743
0.420128
0.565216
0.123889
0.18444
0.292878
0.336705
1.19814
1.07381
0.056663
0.205673
0.439827
0.0307336
0.192381
0.024886
0.921406
0.67355
0.0641872
0.0311616
0.46859
0.137702
0.649485
0.603958
0.301395
0.264067
0.393744
0.16002
0.0754093
0.278906
0.291898
0.228496
0.0754093
0.014971
0.37841
0.0145226
0.128135
0.116014
0.042591
1.1949
1.16411
0.18401
0.113427
0.88114
1.2017
0.225746
0.035198
0.4891
0.00921569
0.109242
0.672083
0.899692
0.636195
0.192381
0.301351
0.277914
1.36913
0.00386141
0.024886
0.197381
0.337867
0.425764
0.00927915
0.56247
0.0616463
0.00921569
0.105439
0.420128
0.575588
0.753902
0.0770113
0.440962
0.0616897
0.381199
0.339546
0.095145
0.0975796
0.0010952
0.0573379
0.121862
0.0735926
0.024886
0.0294935
0.179529
0.100957
0.197433
0.0854208
1.46899
6.14587
0.606764
1.29227
0.309634
0.212065
0.247537
0.968905
0.261699
0.163949
0.0976879
0.071532
0.081534
3.33338
0.196318
0.32625
0.071532
0.110384
0.0900479
0.0418954
0.127161
0.00386141
0.580995
0.258244
0.443606
6.56859
0.325854
0.786887
0.429772
0.331961
0.825273
0.541537
0.481973
0.709313
0.196008
0.116014
1.12609
0.445684
0.176741
1.32185
0.495626
0.133484
0.192288
0.00352755
0.192288
0.4175
0.371539
0.228467
0.182504
0.353781
0.410213
0.0975796
0.0913502
0.107851
0.146354
0.137148
0.0264077
0.282289
0.116893
0
3.27898
16
0.0894641
0.0787267
0.124702
0.076297
0.0463567
0.452762
0.000296599
0.0616463
0.6644
0.418212
0.00921569
2.23537
0.823914
0.382128
0.366077
0.31044
0.0133526
0.0147303
0.718761
16
0.163949
2.52614
0.589761
0.714754
0.262977
0.259295
0.000864602
0.720364
0.123433
16
0.00114648
0.0619027
0.133484
1.11947
0.16002
0.169366
0.620328
0.00994968
0.00386141
0.357592
0.488845
0.235039
1.67352
0.288492
0.480721
0.0136714
0.384717
0.399876
0.00994968
0.742856
0.147357
0.116893
0.453005
4.16222
0.273072
0.144231
0.281499
0.0383328
0.592584
0.0616897
0.0676801
0.310558
0.0517727
0.0427767
5.54479
0.222299
0.187668
0.213414
0.00791074
0.0264077
0.288492
0.396647
0.0145226
0.25707
0.116014
0.0808295
0.0143516
0.14564
0.032426
0.0264077
0.0317206
0.13872
0.076297
2.44287
0.0827304
0.133484
0.0289531
0.420128
0.154521
0.196373
0.205156
0.40344
0.129419
0.310905
0.564519
0.298107
0.420128
0.0425239
0.075754
0.13905
0.23019
0.032426
0.584143
0.66828
0.0841395
0.0593181
0.0250726
0.130358
0.420128
0.129419
1.54772
0.305414
0.390267
0.218561
0.235653
0.129213
0.116014
0.208434
0.43675
0.0467743
0.0854208
0.273003
0.0641872
0.470909
0.0212533
0.11606
0.466354
0.271244
0.0429911
1.03717
0.48101
0.425764
0.0548153
0.0289531
0.0504753
1.09901
0.514074
0.0682654
0.318317
0.312481
0.777976
0.61874
0.0460995
0.0656281
0.305414
0.242701
0.420128
0.953692
0.308551
0.661761
0.298107
0.43675
0.476562
0.434592
0.0965236
0.0143516
0.308551
0.075754
0.00082176
0.014971
0.0445551
0.0023293
0.634671
0.197433
0.368161
0.2018
0.637221
0.0155911
0.129213
0.458617
0.687696
0.225746
0.056663
0.303589
0.120955
0.075754
0.61459
0.165169
0.86688
0.791616
0.136711
0.0754093
0.283055
0.224429
0.0256907
0.0311616
3.55815
0.143045
0.848947
0.0198199
0.154521
0.657723
0.353781
0.195477
0.0182901
0.261263
7.64517
0.186666
1.40049
0.656439
0.768737
0.0141337
0.568193
0.0450963
0.282289
0.0641872
0.0975796
0.40344
0.403248
0.0657809
0.160512
0.0504753
0.772345
0.00386141
0.0735926
0.18565
0.160897
1.22695
0.0547175
0.575184
0.0619027
0.24159
0.24159
0.00428487
0.446938
0.113427
0.313783
0.127764
0.372185
0.528245
2.00635
0.00397017
0.0551755
0.929608
0.0616463
0.849328
0.33181
0.420128
0.032426
0.13905
0.328767
0.334749
0.197381
0.0770113
0.227171
0.0141337
0.0341707
0.393073
0.458978
0.0599243
0.0092561
0.354983
0.0821072
0.0811845
0.0427767
0.075754
6.44609
2.30222
0.490606
0.636142
0.00462659
0.270159
0.0593181
0.669604
0.0191421
0.135989
0.129419
0.0808295
0.291898
0.576974
0.071532
0.035198
0.192381
0.760274
0.781485
0.38852
0.334271
0.109393
0.00352755
0.0306429
0.310558
0.137408
0.288016
0.10362
0.27438
0.176741
0.00386141
0.607532
0.445868
0.61874
0.246379
0.411577
0.201388
0.0467743
0.322825
0.024886
0.065627
0.304788
2.00064
0.594211
0.0619027
0.151126
0.0603366
0.0280805
0.0894641
0.128135
0.133484
0.076297
0.121862
0.00462659
1.05389
0.032426
0.0295049
0.0280805
0.105851
0.493994
0.00994968
0.532425
0.264067
0.0735926
0.137044
0.116014
0.610639
0.137408
0.00182605
0.28176
0.147221
0.69405
0.00273147
0.0894641
0.0143516
0.278056
0.0740364
1.42477
0.137148
0.810106
0.540342
0.45118
0.23019
1.18363
1.46908
0.0476689
0.345002
0.702422
1.43657
0.215762
0.300987
0.110384
0.304585
0.00352755
0.407029
0.308551
0.751214
0.52727
0.273971
5.15672
0.0662311
0.974587
0.426095
0.420128
0
0
0.105439
0.420128
0.228695
0.420128
0.0145226
0.244542
0.183358
0.24159
0.453722
0.393073
0.0770113
0.420128
1.0106
0.259295
0.200458
0.577335
0.0225807
0.115358
0.505872
0.207338
0.0379316
0.395636
0.239532
0.0573379
0.247537
1.18088
0.0273702
0.0145226
0.0922625
0.310905
0.0306429
0.291741
0.561079
0.299878
0.536637
0.0081772
0.105439
0.81931
0.334798
0.239149
0.602593
0.016463
0.014788
0.182504
0.203948
1.64667
0.00562613
0.0744966
0.00456015
1.06941
0.0197284
0.108082
0.0995015
0.589761
0.00386141
0.282289
0.0143516
0.201941
0.244025
0.0573379
0.528757
0.213205
0.384419
1.64812
0.556049
16
0.280196
0.18444
0.158853
0.183358
0.212317
0.284036
0.0744966
0.763446
2.97024
0.226118
0.187668
0.0504753
0.0425239
0.116014
0.0735926
0.208434
1.33962
0.0561483
0.327142
0.166625
0.0893744
0.284036
0.180797
0.193009
0.24986
0.731522
0.420128
0.197433
0.714145
0.0573379
0.306668
0.123889
0.193009
0.499954
0.00243992
0.753433
0.0913502
0.442815
0.465806
0.0134907
0.024886
0.839541
0.24897
1.4412
0.768737
0.318317
0.218158
0.236859
0.0463567
0.0425239
0.00588294
0.18444
0.196008
0.841044
0.0198199
0.0141337
0.0754093
0.381494
0.0329314
0.11016
0.0781539
1.45075
0.0105941
0.0843747
0.032426
1.17724
0.997497
0.218158
0.325854
0.00994968
0.269183
0.244637
1.65973
0.665484
0.181034
0.521676
0.488845
0.303617
0.071532
0.401502
0.420128
0.4175
0.244025
1.04879
0.135989
0.0546081
0.71829
0.140535
0.0427767
0.336233
0.0143516
0.133484
0.035198
0.287383
0.0141337
0.076297
0.00299636
0.18565
0.997297
0.00994968
0.225746
0.223983
0.169366
1.8151
0.0403016
1.15803
0.502014
0.55583
0.151009
1.35164
0.213205
0.292878
0.190756
0.887198
0.0735926
0.181034
0.221385
0.201388
0.123889
0.8411
0.123433
0.0793769
0.672083
0.0616463
0.0950221
0
0
0
0
0
0
1.36445
0.0198199
0.00588294
0.0617809
0.381109
0.0341707
0.171593
0.032426
0.481621
0.000201258
0.25226
0.121862
0.235653
0.0572396
0.273072
0.218561
0.201778
0.071532
0.014971
0.139811
0.0616463
0.291741
0.420128
0.0548153
0.208434
0.135989
0.0218122
0.120955
0.105851
0.46804
0.57121
0.0145226
0.0616463
0.116014
0.399472
0.420128
0.131378
0.128208
0.0408673
0.0080929
0.14564
0.578338
0.0218122
0.138488
0.0334071
0.273646
0.420128
0.339699
0.968905
0.032426
0.983022
0.222299
0.287383
0.0616463
0.0198199
0.156488
1.02962
0.18444
1.31652
0.712426
0.014788
0.99086
0.0504753
0.55583
0.172728
0.46414
0.186549
0.356064
0.522046
1.26166
0.192703
0.336244
0.10663
0.075754
0.109242
0.00478294
0.0785973
0.0707251
0.6644
1.22105
0.196318
0.693491
0.203948
0.557272
0.313101
0.440215
1.13598
0.32445
0.151009
0.308551
0.596925
0.841377
0.452762
0.0425239
0.336705
0.0546081
0.00428487
0.95465
1.57003
0.144231
0.113427
0
0.69844
0.0143516
0.0959125
0.309718
0.142478
0.189935
2.58327
0.815887
0.0477752
0.0611177
1.72063
0.824288
0.581955
0.142954
0.116893
0.0836717
0.589761
0.661507
0.181034
0.071532
0.865134
0.556049
0.510857
0.124702
0.510774
0.14564
0.420128
2.72702
0.075754
0.0425239
0.024886
0.0641872
0.197633
0.016463
0.200461
0.458978
1.55232
0.00243992
0.795534
0.518464
0.0836717
0.538357
0.55941
0.0976879
0.513316
0.169366
0.193026
0.325854
0.420128
0.213934
0.273072
2.83798
0.869353
0.909739
0.388212
0.162728
0.00299636
0.502014
0.538357
0.0811845
0.0883698
0.27199
0.213414
0.197433
0.197633
0.0770113
0.408958
0.00484585
0.00588294
2.67051
1.94329
0.865733
0.538465
0.423399
0.161861
0.486005
0.545175
0.360664
0.121862
1.41579
0.23019
0.694285
0.704719
0.151502
0.403421
0.219385
0.0212015
0.0092561
0.751865
0.393073
0.0573379
0.353841
1.12818
0.000427612
1.31352
1.4496
1.95531
0.451978
0.155026
0.137044
0.145204
0.451978
0.399876
0.056663
1.03918
0.0616463
0.130358
0.235653
0.105439
0.20421
0.0155911
0.042591
0.256493
0.0894641
0.18444
0
0.075754
0.720563
0.0477752
0.229403
0.254337
0.133435
0.183358
0.105322
0.0959125
0.298298
0.129213
0.105439
0.0548153
0.976206
0.0445551
0.000951344
0.244542
0.377401
0.368666
0.131
0.37841
0.284036
0.353781
0.144211
0.0198199
0.0307336
0.785774
0.014971
0.0616463
0.327142
0.310905
1.66905
0.0811845
16
0.200355
0.0347596
0.438276
0.693503
0.0770113
0.195463
0.393744
0.00994968
0.458017
0.120955
0.193009
0.0445551
0.00992914
0.00288929
0.106632
0.345002
0.598145
0.136711
0.222281
0.016463
0.301351
0.234567
0.205156
1.35177
0.251478
0.242709
0.105851
0.24159
0.00397017
0.448105
0.120955
0.071532
0.0445551
0.0888731
0.00848445
0.291898
0.197201
4.01545
0.705089
0.189856
0.663831
0.0725524
2.12009
0.00317906
0.0580864
0.131
0.322484
0.268875
0.537513
0.802964
0.243267
0.307044
0.769643
1.22699
0.0423991
0.482812
0.528245
0.640044
0.0799112
0.0504753
0.00921569
0.0735926
0.313696
0.197433
0.226118
0.0754093
0.135989
0.0108565
0.129419
0.0490104
0.291741
0.540533
0.00352755
0.0427767
0.359634
0.156315
0.825965
0.0490104
0.425472
0.390095
16
0.000974165
0.0371871
0.0477752
0.0586528
0.100622
0.0967564
0.590846
1.03888
0.0811845
0.071532
0.0337508
0.100622
0.0158996
0.000747109
0.504727
0.229403
0.00386141
0.00994968
0.00428487
0.129419
1.79856
0.347115
0.388212
0.18565
0.105322
0.0511982
0.0425239
0.367619
0.457062
0.360664
0.123433
0.134172
0.00428487
0.0515127
0.85272
0.000974165
0.0212533
0.00243992
0.101689
0.405475
0.0476689
0.434592
7.64808e-06
0.223983
0.693441
0.097839
0.493994
0.151009
0.0134907
0.420128
0.0112234
0.00777502
0.633517
0.420128
0.224905
0.18772
0.144657
0.234567
0.116014
0.00921569
0.0358253
0.00135028
0.027364
0.144833
0.361248
0.076297
0.32445
0.481973
0.042591
0.616175
0.0511982
0.00462659
0.39408
0.152448
1.26833
0.420128
0.0603366
0.117695
0.225475
0.163949
0.10663
0.376285
0.0616463
0.0334071
0.84692
0.0425239
0.77576
0.204637
0.598321
0.234567
0.187668
0.160512
0.318317
1.43467
0.140535
0.00720902
0.2869
0
0.121862
0.155541
0.213205
0.00397017
0.0561483
0.214378
1.11941
0.932922
0.405668
0.0590837
0.816539
0.282289
0.163679
0.37841
0.0468151
0.271244
0.415947
0.259356
0.0785973
0.0781539
0.00921569
0.110614
0.0593181
0.555948
0.574376
0.105439
0.243267
0.0264077
0.109242
0.961929
0.24897
0.0468151
0.169371
0.014971
0.0586528
1.12818
0.134172
0.122389
0.420128
0.476641
0.129419
0.0164379
0.140535
0.657216
0.062607
0.0511982
0.0573379
0.0467743
0.420128
0.32445
0.273072
0.000201258
0.278906
0.420128
0.027364
2.11464
0.161179
2.00635
0.140535
0.40344
0.298107
1.17372
0.076297
0.0735926
0.0351769
0.140535
0.800651
0.110384
0.518464
0.0143516
0.642057
0.102821
0.197381
0.32184
0.0613003
0.137408
0.674494
0.478717
0.291741
0.425764
0.486005
0.0249631
0.54759
0.027364
0.97331
0.656971
0.0141337
0.420128
0.74647
0.00791074
0.0976879
0.434592
0.412508
0.79091
0.672083
0.139811
0.105439
0.366077
0.607532
0.120955
0.113427
0.0913502
0.0341707
0.0967211
0.0425239
0.123889
0.0105941
0.420128
0.201388
0.289015
0.127764
0.00397017
0.490606
0.027364
0.129206
0.471611
0.694285
0.102846
0.161179
0.0443592
0.0212533
0.693491
1.08973
0.162728
0.309634
0.0593181
0.127764
0.0744966
0.145204
0.105439
0.024886
0.0287033
0.154828
0.4175
0.105439
0.287383
0.0511982
0.137148
0.287383
0.0785973
0.00588294
0.0952968
16
0.11016
0.537625
0.136083
0.18772
0.256333
0.769981
0.116014
0.318317
0.437137
0.123889
1.27959
0.61459
0.531909
0.0781539
0.0174808
2.23313
0.47524
0.298678
0.110384
0.306717
0.292878
0.0477752
0.0427767
0.116014
0.633048
0.0445551
4.02186
0.325854
1.19938
0.8031
0.0302341
0.305414
0.399472
1.07386
2.31428
0.617342
1.4086
0.420128
0.00994968
0.0230047
0.265436
0.0519555
0.0101026
0.0743491
0.054357
1.07868
0.0341707
0.0105441
0.526918
0.042591
0.145204
0.105851
0.071532
0.0972793
0.035198
0.056663
0.393073
0.0918319
1.09493
0.656439
0.262301
1.05327
0.420128
0.0155008
3.50435
0.00791074
0.0198199
16
0.000951344
0.124702
0.280196
0.00397017
0.420128
0.0511982
0.0827304
6.94094
0.430505
0.162728
0.420128
0.420128
0
0
0.420128
0.226118
0.00538267
1.5068
0.0561483
0.0429911
0.264067
0.388212
0.440962
0.420128
0.201388
0.0146252
0.730868
0.196824
0.0911113
0.420128
0.0280805
0.0160856
0.0402453
0.135488
0.014971
0.385226
0.18444
0.313696
0.412508
0.208434
0.0827304
0.408958
1.39093
1.15249
0.699666
0.0143516
0.107851
2.32052
0.123889
0.839241
0.0341707
0.259185
0.611443
0.024886
0.782142
0.32674
0.609374
0.121862
0.120955
0.0160856
1.83795
6.92241
0.0641872
0.0770113
0.143045
0.750508
0.181507
0.139811
0.101689
0.24897
0.12314
1.52873
0.0744966
0.376788
0.409566
0.291741
0.528245
1.13665
0.18772
0.0573379
0.201778
0.195477
0.174164
0.504601
0.0827304
0.757264
0.129213
0.0273702
0.412185
0.154828
0.292878
0.945609
0.0445551
0
0.205156
0.0913502
1.08973
0.116893
0.284036
0.0900479
0.423399
0.218373
0.218158
0.0754093
0.228478
0.0467743
1.13232
0.032426
0.386168
0.161179
0.373395
0.824716
0.186549
0.14564
0.046692
0.264321
0.0252335
1.07633
0.000951344
0.128208
0.421839
0.191987
0.420128
0.244542
0.283055
0.735051
0.204197
0.386509
0.471888
0.0684004
2.05653
0.000951344
0.0306429
4.37623
0.248802
0.00234217
0.292878
0.107273
0.901171
0.0735926
0.31044
0.465806
0.0586528
0.139811
0.67571
0.259185
0.575184
1.31646
0.0277661
0.366723
0.796954
0.299878
0.000974165
0.368755
1.64459
0.235039
0.528757
0.0134907
0.00352755
0.0778057
0.0754093
0.062607
0.354983
0.527172
0.223983
0.420128
0.848427
0.0341707
0.284036
0.0429911
0.588239
0.00299636
0.053935
1.33774
5.4358
0.39408
0.672853
0.121862
0.136711
0.113427
0.0959125
0.478717
0.32184
0.153318
1.18948
0.213205
0.649502
0.213414
0.552328
0.020078
0.390095
0.0105941
0.256493
0.0295049
0.752408
0.12247
0.137408
0.251478
0.187668
0.147357
0.48374
0.032426
0.6644
0.11016
0.590729
0.565216
0.390385
0.514855
0.309385
0.278056
0.0938123
0.342718
0.0126561
0.024886
1.29433
0.0204613
0.042591
0.204637
0.0795675
0.137408
0.453722
0.110384
0.183358
0.0580864
0.310558
0.027364
0.0894641
2.37046
0.0597486
0.261026
0.075754
0.324187
1.51503
0.626822
0.380281
0.229477
0.420128
0.100622
0.0836717
0.235515
0.435622
0.108948
0.288492
1.19129
0.140535
0.0105441
0.420128
0.0477752
0.784948
0.420128
0.408958
0.366077
0.429286
0.328767
0.0429911
0.0504753
1.5229
0
0.129419
0.300068
0.403421
0.420128
0.00994968
0.84692
0.00927915
0.154578
0.183358
0.763446
0.0198199
0.221385
0.00386141
0.494229
0.235039
0.00994968
0.00288929
0.826183
0.291474
0.0174808
0.183358
0.0761598
0.0289531
0.843464
0.0894641
0.0429911
0.32625
0.228695
0.715417
0.380281
0.377295
0.224905
0.0182901
0.0264077
0.0143516
0.407029
0.0445551
0.425764
0.521542
0.537625
0.268875
1.79625
0.192288
0.66803
1.02246
0.137702
0.790857
0.117267
0.86567
0.014788
0.226118
0.23019
0.759335
0.67571
0.470828
0.0289136
0.648433
0.278906
0.0735926
1.86322
0.649502
0.137702
0.165169
0.127764
0.466354
0.0256907
0.403381
0.411352
0.046692
0.158534
0.0827304
0.177794
0.28176
0.024886
0.387174
1.70089
0.652638
1.00498
0.305414
0.945277
0.953264
0.0754093
0.126017
0.604982
0.480793
0.264321
0.054357
0.200461
0.0225807
1.75793
1.40049
0.0613003
0.191987
1.94153
0.852591
0.125656
0.0302341
0.293291
0.408678
1.35878
0.273072
0.0280805
0.0841858
0.405668
0.100622
0.565216
0.337387
0.360664
0.0311616
0.243267
0.282289
0.183358
0.137044
0.683332
0.0010952
0.212731
16
0.0105941
0.268875
0.240849
0.841211
0.166869
0.887921
0.576974
0.0341707
0.00386141
0.0149647
0.0918319
0.525479
0.0289531
0.0341707
0.13402
0.291741
0.0785973
0.116014
0.176741
0.824288
0.0778057
0.0854208
4.84741
4.23824
0.4175
0.714844
0.129419
0.822136
0.134853
0.204637
0.499954
0.196318
16
0.208434
0.229403
1.68869
0.0387716
0.265235
0.412185
0.24159
0
0
0
0.129419
0.334271
0.634329
0.0160856
0.337387
0.0770113
0.105851
0.139811
0.218158
0.596392
0.703848
0.140535
0.0906097
0.678244
0.288016
0.244542
0.0794759
0.310905
0.336705
0.128135
0.0546081
0.0965236
0.782355
0.32625
0.200461
0.048496
0.0794759
1.26718
0.0548153
6.68118
0.182634
0.218561
0.300068
0.0938123
0.574376
0.137148
0.387245
0.0212533
0.0252335
1.09542
0.445684
0.0198199
0.0938123
0.0938123
0.0212533
0.19028
0.320956
0.420128
0.0425239
0.143045
0.0143516
0.13872
0.0511982
0.176741
0.363267
0.336233
0.254337
0.306717
0.0212533
0.499932
0.0827304
0.0808295
0.0548153
0.0429911
0.300068
0.0616463
0.221385
0.176741
1.40893
0.0735926
0.076297
0.596392
0.320956
0.244819
0.32184
0.0212533
0.420128
0.042591
0.401502
0.183358
0.0546081
0.014971
0.949638
0.129213
0.0548153
0.0289531
0.0778057
0.0212533
0.00462659
0.0511982
0.336244
0.0218122
0.318317
0.557272
0.310905
0.466354
0.0938123
0.0212533
0.0250726
0.197381
0.742856
0.326717
0.121862
0.220752
0.0429911
0.0467743
0.200461
0.420128
0.287383
0.306717
0.213337
0.603958
0.411577
0.223983
0.0548153
0.337867
0.0212533
0.200461
0.420128
0.312481
0.233301
0.194934
0.133435
0.225475
0.420128
0.105439
0.506682
0.32625
0.00927915
0.19028
0.192381
0.420128
0.420128
0.334271
0.197381
0.143045
0.565216
0.644319
0.0105941
0.109242
0.109242
0.0341707
0
0.245455
0.420128
0.291741
0.244025
0.192381
0.042591
0.181507
0.0160856
0.109242
0.105439
0.0212533
0
0.420128
0
0
0
0
0
0
0
0.0546081
0.121862
1.21315
0.205156
0.0770113
0.108948
0.420128
0.427538
0.0548153
0.014971
0.527376
0.137148
0.105439
0.336233
1.6963
0.0735926
0.193026
0.00462659
0.200461
0.2868
0.0429911
0.494196
0
0.342024
0.445684
0.0616463
0.0616463
0.603958
0.320985
0.200461
0.312481
0.113427
0.754843
0.317131
0.599048
0.420128
0.0160856
0.985163
0.213337
0.0212533
0.032426
0.108948
0.514996
0.186549
0.399227
0.108948
0.663919
0.0546081
0.109242
0.0573379
0.336233
1.52086
0.436819
0.768737
0.0212533
0.466354
0.588412
0.194934
0.109242
0.699105
0.387596
0.527376
0.14564
0.306717
0.035198
0.105439
0.282289
0.320985
0.481193
0.0546081
0.0548153
0.0794759
0.244025
0.0811845
0.291741
0.154828
0.205156
0.0548153
0.0105941
0.347927
0.442815
0.0573379
0
0.235653
0.0212533
0.283055
1.33835
0.0735926
0.136711
0.785774
0.130358
0.128135
0.147357
0.34712
0.109242
0.238062
0.0212533
0.0341707
0.0938123
0.215943
0.0548153
0.0160856
0.979357
0.00462659
0.192381
1.06717
0.024886
0.336705
0.420128
0.494229
0.194958
0.282289
0.0468151
0.0573379
0.0212533
0.32674
0.0606785
0.320985
0.919851
0.108948
0.109242
0.014971
0.0546081
0.176741
0.440575
0.0548153
0.434592
0.557082
0.00462659
0.306717
0.13905
0.032426
0.244819
0
0.420128
1.28006
0.518289
0.0092561
0.81579
0.668718
0.194934
0.525155
0.0938123
0.0938123
0.420128
0.545393
1.60958
0.69844
0.420128
1.47185
0.525155
0.0573379
0.47663
0.336233
0.99033
0.32674
0.336233
0.0938123
0.0212533
0.598145
0.0212533
1.30046
0.0212533
0.19028
0.320956
0.32674
0.47663
0.420128
0.99033
0.320956
2.00004
0.19028
0.320985
0.708432
0.336233
0.757264
0.979357
0.983157
0.291898
0.69844
0.19028
0.893543
0.668718
0.194934
0.650735
1.30046
0.785774
0.32674
0.0938123
0.19028
0.320956
0.34712
0.71829
0.194934
0.0938123
0.320956
0.194934
0.708432
0.892585
0.19028
0.708432
0.518289
0.0938123
0.320956
0.194958
0.320956
2.44394
0.363267
0.19028
0.983157
0.194934
0.518289
0.4175
0.19028
0.194934
0.320956
0.420128
0.194934
0.320956
0.194934
0.420128
0.19028
0.320985
1.51697
0.19028
0.0938123
0.0938123
0.194934
0.727902
0.320956
0.194934
0.194958
0.320956
0.363267
0.0938123
0.757264
0.99033
0.194934
0.983157
0.979357
0.194934
0.363267
0.922393
0.499932
0.420128
0.320985
0.194934
0.518289
0.732354
1.30192
0.708395
0.19028
0.194958
1.6648
0.320956
0.194934
0.121862
0.698178
0.99033
0.320956
0.320956
0.32674
0.0938123
1.30046
0.194934
0.194958
0.194934
1.30192
0.32674
0.675136
0.983157
0.194958
1.81404
0.19028
0.708432
0.320985
0.19028
0.194958
0.0938123
0.499932
0.499932
0.32674
0.893543
0.320985
0.0938123
0.47663
0.336233
0.363267
0.671873
0.420128
0.518289
0.0341707
0
